1 94508323
1 94517254
1 203152801
1 205899595
1 205914757
1 223285200
1 223285200
1 223285200
2 113588793
2 113590390
3 195529118
3 195529118
4 38798648
4 38798648
5 428236
5 428236
5 518434
5 142779317
5 142779317
5 142779317
5 142779317
5 142779317
5 142779317
5 142779317
5 142779317
5 148206473
6 26091179
6 26091179
6 26091179
6 26091179
6 26091179
6 26091179
6 26091179
6 26091179
6 26091179
7 73118196
7 73118196
7 73122923
7 73122923
7 117144378
7 117144378
7 117149143
7 117149143
7 117149144
7 117149144
7 117149147
7 117149147
7 117171028
7 117171028
7 117171029
7 117171029
7 117171122
7 117171122
7 117171169
7 117171169
7 117175339
7 117175339
7 117175372
7 117175372
7 117180174
7 117180174
7 117180186
7 117180186
7 117180297
7 117180297
7 117180327
7 117180327
7 117180330
7 117180330
7 117188812
7 117188812
7 117188849
7 117188849
7 117199648
7 117199648
7 117199683
7 117199683
7 117227792
7 117227792
7 117227832
7 117227832
7 117227860
7 117227860
7 117227874
7 117227874
7 117230283
7 117230283
7 117230454
7 117230454
7 117232086
7 117232086
7 117232223
7 117232223
7 117232470
7 117232470
7 117232481
7 117232481
7 117234999
7 117234999
7 117243663
7 117243663
7 117250575
7 117250575
7 117251649
7 117251649
7 117251704
7 117251704
7 117254753
7 117254753
7 117254767
7 117254767
7 117267556
7 117267556
7 117267812
7 117267812
7 117282582
7 117282582
7 117282620
7 117282620
7 117304834
7 117304834
7 117306991
7 117306991
10 114758349
10 114758349
10 114758349
10 114758349
10 114758349
10 114758349
10 114758349
10 114758349
10 114758349
11 72945341
11 72945341
11 72945341
11 72946140
11 72946140
11 72946140
11 72946204
11 72946204
11 72946204
12 1866204
12 6458350
12 6458350
12 6458350
13 47469940
13 47469940
13 47469940
14 70517183
14 70517183
14 70517183
14 70517183
14 70517183
14 70517183
14 70517183
14 70517183
16 23200921
19 6919624
19 6919624
19 6919624
19 6919624
19 6919624
19 41858921
19 41858921
19 41860296
19 41860296
20 31876681
