1 11854476
1 11854476
1 11856378
1 11856378
1 11905974
1 11905974
1 11905974
1 66691885
1 66691885
1 66691885
1 66691885
1 114377568
1 120517959
1 145441620
1 145442254
1 150951477
1 150951477
1 154426970
1 154426970
1 154427050
1 154427050
1 156107534
1 156107534
1 156107534
1 156107534
1 156107534
1 156107534
1 159682233
1 159682233
1 160165095
1 160165095
1 161013121
1 161013121
1 161013121
1 161013121
1 161013121
1 161761276
1 164529120
1 164529120
1 164529120
1 164529120
1 186643058
1 196642233
1 196659237
1 196696933
1 196698945
1 196698945
1 202914356
1 202914356
1 202922040
1 202922040
1 223285200
1 223285200
1 223285200
1 229738170
1 229738170
1 229738170
1 230849190
1 230849482
1 247588858
1 247588858
1 247588858
1 247588858
1 247588858
1 247588858
2 27730940
2 27741237
2 27743154
2 43732823
2 43732823
2 75116527
2 113592363
2 113594867
2 162890175
2 162890217
2 169763148
2 169763148
2 169763148
2 182543455
2 219032602
2 219259732
2 219259732
2 227660544
2 241536126
2 241536126
2 241536126
2 241536126
2 241536126
2 241536126
2 241536126
2 241536126
2 241536126
3 12393125
3 12393125
3 12393125
3 12393125
3 12393125
3 12475557
3 12475557
3 12475557
3 12475557
3 12475557
3 38404472
3 42578862
3 42578862
3 42578862
3 42578862
3 49394834
3 49394834
3 49394834
3 57306319
3 57306319
3 57306319
3 57306611
3 57306611
3 57306611
3 57323170
3 57323170
3 123065778
3 123065778
3 123604787
3 123604787
3 123604787
3 123604787
3 124019802
3 138478544
3 138478544
3 148459988
3 148459988
3 148459988
3 148459988
3 148459988
3 148459988
3 148459988
3 148459988
3 148459988
3 170717521
3 183558402
3 183558402
3 185440960
3 185440960
3 185440960
3 185510884
3 185510884
3 185510884
3 185513392
3 185513392
3 185513392
3 186559474
3 186559474
3 186559474
3 186570892
3 186570892
3 186570892
3 186572089
3 186572089
3 186572089
4 6281961
4 6281961
4 6292915
4 6292915
4 6293350
4 6293350
4 6303354
4 6303354
4 15826558
4 15826558
4 23815662
4 23815662
4 72618323
4 72618323
4 72618334
4 72618334
4 100239319
4 120241902
4 141483471
4 141493961
4 185716232
4 185716232
4 185716232
4 185726548
4 185726548
4 185726548
5 67588148
5 67588148
5 67588148
5 67588148
5 67588148
5 67588148
5 67588148
5 74655498
5 78321109
5 148206473
5 148206885
5 176520243
5 176520243
5 176520243
5 176520243
6 20661034
6 20661034
6 20661034
6 20661250
6 20661250
6 20661250
6 20679709
6 20679709
6 20679709
6 26091179
6 26091179
6 26091179
6 26091179
6 26091179
6 26091179
6 26091179
6 26091179
6 26091179
6 26093141
6 26093141
6 26093141
6 26093141
6 26093141
6 26093141
6 26093141
6 26093141
6 26093141
6 26458265
6 26458265
6 26458265
6 26458265
6 26458265
6 31543031
6 31543031
6 31543031
6 31697957
6 31697957
6 31697957
6 31697957
6 31697957
6 31914024
6 31914024
6 31914024
6 31914024
6 32146492
6 32146492
6 32146492
6 32146492
6 32146492
6 32146492
6 32146492
6 32146492
6 32146492
6 32146492
6 32146492
6 32151443
6 32151443
6 32151443
6 32151443
6 32151443
6 32151443
6 35330421
6 35330421
6 35330421
6 35330421
6 35330421
6 35330421
6 35378778
6 35378778
6 35378778
6 35378778
6 35378778
6 35378778
6 35395010
6 35395010
6 35395010
6 35395010
6 35395010
6 35395010
6 39325078
6 39325078
6 39325078
6 50803050
6 50803050
6 88845949
6 88845949
6 88845949
6 88845949
6 88853635
6 88853635
6 88853635
6 88853635
6 88853635
6 88853635
6 88853635
6 88853635
6 134488960
6 134488960
6 134488960
6 134488960
6 134488960
6 134493397
6 134493397
6 134493397
6 134493397
6 134493397
6 137059927
6 152283279
6 152283279
6 152283279
6 152283279
6 152283279
6 160113872
6 160113872
6 160113872
6 160113872
6 161010118
6 161010118
6 161135860
6 161137990
7 22766645
7 22766645
7 44235668
7 44836314
7 80301310
7 80301310
7 80301310
7 80301310
7 80301310
7 94937446
7 95034775
7 95034775
7 95041016
7 95041016
7 95054007
7 95054007
7 117254753
7 117254753
7 127253550
7 127253550
7 141672705
7 150696111
7 150696111
8 11405576
8 37823798
8 118184783
8 118184783
8 118184783
8 118184783
9 8879118
9 21998035
9 21998035
9 21998035
9 21998035
9 21998035
9 21998035
9 22003223
9 22003223
9 84308948
9 87419789
9 87419789
9 87419789
9 87419789
9 87419789
9 87419789
9 87419789
9 87419789
9 87419789
9 87437849
9 87437849
9 87437849
9 87437849
9 87437849
9 87437849
9 120475302
9 120475302
9 120475602
9 120475602
9 136305530
9 136305530
9 136305530
9 139571992
9 139571992
9 139571992
10 49699957
10 49699957
10 49699957
10 49699957
10 54531235
10 69651125
10 90075843
10 90075843
10 94224165
10 94224165
10 94232247
10 94232247
10 97174352
10 97174352
10 97174352
10 97174352
10 97174352
10 97174352
10 97174352
10 97174352
10 97174352
10 97174352
10 97174352
10 97174352
10 97174352
10 97174352
10 97174352
10 112839579
10 114754088
10 114754088
10 114754088
10 114754088
10 114754088
10 114754088
10 114754088
10 114754088
10 114754088
10 114756041
10 114756041
10 114756041
10 114756041
10 114756041
10 114756041
10 114756041
10 114756041
10 114756041
10 114758349
10 114758349
10 114758349
10 114758349
10 114758349
10 114758349
10 114758349
10 114758349
10 114758349
10 114808902
10 114808902
10 114808902
10 114808902
10 114808902
10 114808902
10 114808902
10 114808902
10 114808902
10 114923825
10 114923825
10 114923825
10 114923825
10 114923825
10 114923825
10 114923825
10 114923825
10 114923825
11 2182224
11 2182224
11 2182224
11 2182224
11 2182224
11 2182224
11 2705343
11 2705343
11 2705343
11 2705343
11 2839751
11 2839751
11 2857194
11 2857194
11 2858295
11 2858295
11 14914878
11 17408630
11 17408630
11 17409572
11 17409572
11 17409572
11 17409572
11 17418477
11 17418477
11 68855233
11 71941212
11 71941212
11 71941212
11 71941381
11 71941381
11 71941381
11 73689104
11 73694754
11 77301341
11 92708710
11 108175462
11 108175462
11 112034988
11 112034988
11 112034988
11 112034988
11 112034988
11 116662407
11 116662407
11 116700142
11 116703640
11 116703640
11 116703640
11 116703640
11 116703640
12 1889823
12 6153534
12 6954875
12 48232093
12 48232093
12 48232093
12 48232093
12 48257766
12 48257766
12 48257766
12 48257766
12 63538458
12 63544209
12 63548056
12 90060586
12 93175846
12 102796522
12 102796522
12 102796522
12 102796522
12 102856702
12 102856702
12 102856702
12 102856702
12 102856702
12 109643645
12 109643645
12 109647280
12 109647280
12 111884608
12 112204427
12 112204427
12 118573667
12 121416726
12 121416726
12 121416726
12 121437382
12 121437382
12 121437382
12 121615103
12 121615103
12 121615103
12 121615103
12 125438549
13 28494327
13 28494372
13 28494437
13 28494451
13 28494501
13 28498404
13 28498656
13 28498702
13 110435231
14 62207557
14 62207557
14 62207557
15 45652703
15 45652703
15 58723939
15 58723939
15 90211823
15 90211823
15 90212144
15 90212144
15 90217096
15 90217096
16 20365654
16 20365654
16 20365654
16 53800954
16 53816275
16 53820527
16 55731835
16 55731835
16 55731835
16 56643343
16 56673828
16 56992017
16 56992017
16 56994894
16 56994894
16 56996288
16 56996288
16 57005479
16 57005479
16 69745145
16 69745145
16 69745145
17 17486519
17 17486519
17 17486519
17 17715101
17 17715101
17 17715101
17 17715101
17 17734740
17 17734740
17 17734740
17 17734740
17 32579788
17 32612894
17 36098040
17 36098040
17 36098040
17 36101156
17 36101156
17 36101156
17 79767715
18 58038832
18 76884480
18 76884480
19 8428999
19 8428999
19 8428999
19 8436164
19 8436164
19 8436164
19 8438716
19 8438716
19 8438716
19 18285944
19 18285944
19 39729266
19 45422946
19 45422946
19 45422946
20 17224938
20 17224938
20 17224938
20 17438213
20 17438213
20 17438213
20 42980519
20 42980519
22 36677982
22 36712472
22 44324727
22 44324727
22 46614274
22 46614274
22 46614274
22 46614274
22 46614274
22 46629479
22 46629479
22 46629479
22 46629479
22 46629479
22 46630634
22 46630634
22 46630634
22 46630634
22 46630634
