1 1247494
1 1247494
1 1247494
1 1247494
1 1247494
1 2498862
1 20227723
1 200101920
1 25243554
1 25243554
1 25243554
1 46870761
1 67633812
1 67633812
1 67648596
1 67648596
1 67655147
1 67655147
1 67669634
1 67669634
1 67669634
1 67670213
1 67670213
1 67670213
1 67675516
1 67675516
1 67675516
1 67681669
1 67681669
1 67681669
1 67685387
1 67685387
1 67685387
1 67694202
1 67694202
1 67694202
1 67705900
1 67705900
1 67705900
1 67705958
1 67705958
1 67705958
1 67708155
1 67708155
1 67708155
1 67725120
1 67725120
1 67725120
1 101466054
1 101466054
1 101466054
1 114377568
1 114394689
1 150482738
1 150482738
1 150482738
1 150482738
1 150484987
1 150484987
1 150484987
1 150484987
1 151801680
1 151801680
1 160856964
1 161472158
1 161472158
1 161478810
1 161478810
1 161479745
1 161479745
1 186643058
1 186650321
1 186650751
1 197631141
1 197631141
1 197631141
1 198656407
1 198656407
1 200935866
1 206939904
1 206943968
1 223284528
1 223284528
1 223284528
1 247580568
1 247580568
1 247580568
1 247580568
1 247580568
1 247580568
1 247595850
1 247595850
1 247595850
1 247595850
1 247595850
1 247595850
1 247612036
1 247612036
1 247612036
1 247612036
1 247612036
1 247612036
1 247612036
2 25097644
2 72361960
2 72361960
2 103070568
2 113594867
2 113890304
2 113890304
2 113890304
2 113890304
2 113890304
2 113890586
2 113890586
2 113890586
2 113890586
2 113890586
2 138759649
2 138759649
2 191897540
2 191897540
2 191931464
2 191931464
2 191943742
2 191943742
2 191964633
2 191964633
2 191973034
2 191973034
2 200290359
2 200290359
2 200290359
2 204592021
2 204592021
2 204592021
2 204592021
2 204732714
2 204732714
2 204732714
2 204732714
2 204738919
2 204738919
2 204738919
2 204738919
2 219151218
2 219151218
2 219151218
2 234183368
2 234183368
2 234183368
2 234183368
2 234183468
2 234183468
2 234183468
2 234183468
2 234185267
2 234185267
2 234185267
2 234185267
2 234192251
2 234192251
2 234192251
2 234192251
2 241563739
2 241563739
2 241563739
2 241563739
2 241569692
2 241569692
2 241569692
2 241569692
2 241569692
3 12393125
3 12393125
3 12393125
3 12393125
3 12393125
3 37053568
3 37053568
3 37053568
3 37053568
3 37053568
3 49572140
3 49572140
3 49572140
3 49572140
3 49572140
3 49572140
3 49719729
3 49719729
3 49721532
3 49721532
3 49866392
3 52256697
3 52256697
3 119537254
3 124627024
3 154898407
3 154898407
3 154898407
3 154898407
3 154898407
3 195489009
3 195489009
4 38799710
4 38799710
4 38830350
4 38830350
4 74856535
4 74856535
4 88904342
4 88904342
4 88904342
4 103422504
4 103422504
4 103422504
4 103434253
4 103434253
4 103434253
4 103511114
4 103511114
4 103511114
4 103511114
4 106075498
4 106075498
4 106075498
4 106075498
4 106075498
4 106075498
4 106106353
4 106106353
4 106106353
4 106106353
4 106106353
4 106106353
4 123377980
4 154626317
5 35876274
5 35877914
5 38867732
5 38867732
5 96252803
5 96252803
5 96252803
5 131670546
5 131676320
5 138710576
5 138710576
5 138715502
5 138715502
5 138719526
5 138719526
5 150277909
5 150277909
5 150277909
5 176788570
6 6223982
6 18130918
6 20728731
6 20728731
6 20728731
6 31914179
6 31914179
6 31914179
6 31914179
6 31917540
6 31917540
6 31917540
6 31917540
6 31917540
6 32079567
6 32363844
6 32363844
6 32363844
6 32612397
6 32612397
6 32612397
6 41255490
6 41255490
6 52051033
6 52051382
6 52053197
6 52055339
6 52101739
6 88853635
6 88853635
6 88853635
6 88853635
6 88853635
6 88853635
6 88853635
6 88853635
7 2789880
7 2869985
7 6422556
7 6422556
7 6443839
7 6443839
7 6443839
7 18800413
7 18800413
7 18800413
7 18800413
7 78091967
7 78091967
7 78094640
7 78094640
7 78095872
7 78095872
7 81857893
7 81857893
7 87138645
7 87160618
7 87160618
7 87174066
7 87179601
7 87220886
7 100423365
7 107580839
7 128573967
7 128573967
7 128573967
7 128573967
7 150557665
7 150557665
7 150557665
9 4981602
9 4981602
9 4981866
9 4981866
9 117547772
9 117552885
9 117553249
9 117558703
9 117566440
9 117567013
9 117568766
9 117569046
9 120475302
9 120475302
9 120475602
9 120475602
9 132657264
9 132657264
9 139263596
9 139263596
9 139263596
9 139263596
9 139263891
9 139263891
9 139263891
9 139263891
9 139266405
9 139266405
9 139266405
9 139266405
9 139266405
9 139266496
9 139266496
9 139266496
9 139266496
9 139266496
9 139269338
9 139269338
9 139269338
9 139269338
9 139269338
9 139399641
10 6098949
10 35295431
10 35295431
10 35295431
10 35295431
10 81701523
10 81701722
10 114708510
10 114708510
10 114708510
10 114708510
10 114708510
10 114708510
10 114708510
10 114708510
10 114708510
11 2167850
11 67352689
11 96023427
11 102705658
11 102708787
11 102715048
11 112034739
11 112034739
11 112034739
11 112034739
11 112034739
11 112034988
11 112034988
11 112034988
11 112034988
11 112034988
11 112035458
11 112035458
11 112035458
11 112035458
11 112035458
11 117864113
11 117864846
12 6450945
12 6450945
12 10271087
12 10271087
12 10271087
12 10271087
12 10271087
12 10271087
12 10271087
12 10271087
12 10271087
12 12648843
12 40760631
12 48208368
12 48208368
12 48208368
12 48208368
12 51386066
12 51386066
12 51386066
12 51386066
12 51386066
12 51386066
12 51386066
12 51386066
12 53298582
12 53298582
12 53298582
12 53298582
12 56396768
12 56396768
12 56396768
12 56396768
12 56396768
12 56396768
12 68551409
12 120146925
12 120146925
13 99907341
13 99907341
13 99907341
14 20925154
14 20925154
14 20925154
14 20925154
14 20925154
14 20925154
14 20925154
14 88472595
15 41563950
15 41735710
15 67442596
15 67442596
15 67442596
15 67464291
15 67464291
15 67464291
15 67464291
16 3293407
16 3293407
16 3293407
16 3301757
16 3301757
16 3301757
16 3304463
16 3304463
16 3304463
16 3304573
16 3304573
16 3304573
16 3304654
16 3304654
16 3304654
16 3304762
16 3304762
16 3304762
16 10975311
16 23864590
16 23864590
16 23864590
16 27374400
16 27374400
16 27374400
16 28517709
16 30482494
16 30482494
16 50304249
16 50744624
16 50745199
16 50745926
16 50746294
16 50756540
16 50756881
16 68586504
16 68586504
16 68586504
16 68591230
16 68591230
16 68591230
16 68674788
16 68674788
17 32579788
17 40271757
17 40514201
17 40514201
17 40514201
17 40527544
17 40527544
17 40527544
17 43716885
17 76737118
17 76737118
17 76737118
18 12809340
18 12809340
18 12809340
18 12877060
18 12877060
18 12877060
18 67530439
18 67530439
19 5254970
19 5254970
19 5254970
19 5254970
19 5254970
19 5254970
19 5257811
19 5257811
19 5257811
19 5257811
19 5257811
19 5257811
19 10394792
19 10394792
19 10394792
19 10394792
19 10395683
19 10395683
19 10395683
19 10395683
19 10395683
19 10469975
19 10469975
19 17302247
19 17302247
19 17303774
19 17303774
19 42259059
19 42280332
19 44055726
19 47119910
19 47123783
19 50880741
19 50880741
19 55380214
19 55380214
20 31349908
20 31349908
20 31349908
20 31349908
20 31349908
20 31349908
20 33578251
20 36946848
20 43065028
20 44746982
20 62327582
20 62327582
20 62327582
20 62327582
20 62327582
20 62327582
20 62327582
20 62327582
20 62327582
22 21982340
22 29191932
